=== Замір швидкості для типу int ===

1. створення квадратної матриці розміром 4 на 4 - 0.000000с:
[[     0     1     2     3
       4     5     6     7
       8     9     0     1
       2     3     4     5 ]]
2. створення вектору розміром 4 - 0.000000с
[     0     1     2     3 ]
3. перемноження квадратної матриці на вектор - 0.000000с
[    14    38    12    26 ]
4. перемноження вектора на квадратну матрицю - 0.000000с
[    26    32    18    24 ]

=== Замір швидкості для типу float ===

1. створення квадратної матриці розміром 4 на 4 - 0.000000с:
[[   0.0   1.0   2.0   3.0
     4.0   5.0   6.0   7.0
     8.0   9.0   0.0   1.0
     2.0   3.0   4.0   5.0 ]]
2. створення вектору розміром 4 - 0.000000с
[   0.0   1.0   2.0   3.0 ]
3. перемноження квадратної матриці на вектор - 0.000000с
[  14.0  38.0  12.0  26.0 ]
4. перемноження вектора на квадратну матрицю - 0.000000с
[  26.0  32.0  18.0  24.0 ]

=== Замір швидкості для типу double ===

1. створення квадратної матриці розміром 4 на 4 - 0.000000с:
[[   0.0   1.0   2.0   3.0
     4.0   5.0   6.0   7.0
     8.0   9.0   0.0   1.0
     2.0   3.0   4.0   5.0 ]]
2. створення вектору розміром 4 - 0.000000с
[   0.0   1.0   2.0   3.0 ]
3. перемноження квадратної матриці на вектор - 0.000000с
[  14.0  38.0  12.0  26.0 ]
4. перемноження вектора на квадратну матрицю - 0.000000с
[  26.0  32.0  18.0  24.0 ]

=== Замір швидкості для типу int ===

1. створення квадратної матриці розміром 8 на 8 - 0.000000с:
[[     0     1     2     3     4     5     6     7
       8     9     0     1     2     3     4     5
       6     7     8     9     0     1     2     3
       4     5     6     7     8     9     0     1
       2     3     4     5     6     7     8     9
       0     1     2     3     4     5     6     7
       8     9     0     1     2     3     4     5
       6     7     8     9     0     1     2     3 ]]
2. створення вектору розміром 8 - 0.000000с
[     0     1     2     3     4     5     6     7 ]
3. перемноження квадратної матриці на вектор - 0.000000с
[   140    94    88   122   196   140    94    88 ]
4. перемноження вектора на квадратну матрицю - 0.000000с
[   130   158   116   144    82   110   108   136 ]

=== Замір швидкості для типу float ===

1. створення квадратної матриці розміром 8 на 8 - 0.000000с:
[[   0.0   1.0   2.0   3.0   4.0   5.0   6.0   7.0
     8.0   9.0   0.0   1.0   2.0   3.0   4.0   5.0
     6.0   7.0   8.0   9.0   0.0   1.0   2.0   3.0
     4.0   5.0   6.0   7.0   8.0   9.0   0.0   1.0
     2.0   3.0   4.0   5.0   6.0   7.0   8.0   9.0
     0.0   1.0   2.0   3.0   4.0   5.0   6.0   7.0
     8.0   9.0   0.0   1.0   2.0   3.0   4.0   5.0
     6.0   7.0   8.0   9.0   0.0   1.0   2.0   3.0 ]]
2. створення вектору розміром 8 - 0.000000с
[   0.0   1.0   2.0   3.0   4.0   5.0   6.0   7.0 ]
3. перемноження квадратної матриці на вектор - 0.000000с
[ 140.0  94.0  88.0 122.0 196.0 140.0  94.0  88.0 ]
4. перемноження вектора на квадратну матрицю - 0.000000с
[ 130.0 158.0 116.0 144.0  82.0 110.0 108.0 136.0 ]

=== Замір швидкості для типу double ===

1. створення квадратної матриці розміром 8 на 8 - 0.000000с:
[[   0.0   1.0   2.0   3.0   4.0   5.0   6.0   7.0
     8.0   9.0   0.0   1.0   2.0   3.0   4.0   5.0
     6.0   7.0   8.0   9.0   0.0   1.0   2.0   3.0
     4.0   5.0   6.0   7.0   8.0   9.0   0.0   1.0
     2.0   3.0   4.0   5.0   6.0   7.0   8.0   9.0
     0.0   1.0   2.0   3.0   4.0   5.0   6.0   7.0
     8.0   9.0   0.0   1.0   2.0   3.0   4.0   5.0
     6.0   7.0   8.0   9.0   0.0   1.0   2.0   3.0 ]]
2. створення вектору розміром 8 - 0.000000с
[   0.0   1.0   2.0   3.0   4.0   5.0   6.0   7.0 ]
3. перемноження квадратної матриці на вектор - 0.000000с
[ 140.0  94.0  88.0 122.0 196.0 140.0  94.0  88.0 ]
4. перемноження вектора на квадратну матрицю - 0.000000с
[ 130.0 158.0 116.0 144.0  82.0 110.0 108.0 136.0 ]

=== Замір швидкості для типу int ===

1. створення квадратної матриці розміром 16 на 16 - 0.000000с:
[[     0     1     2     3     4     5     6     7     8     9     0     1     2     3     4     5
       6     7     8     9     0     1     2     3     4     5     6     7     8     9     0     1
       2     3     4     5     6     7     8     9     0     1     2     3     4     5     6     7
       8     9     0     1     2     3     4     5     6     7     8     9     0     1     2     3
       4     5     6     7     8     9     0     1     2     3     4     5     6     7     8     9
       0     1     2     3     4     5     6     7     8     9     0     1     2     3     4     5
       6     7     8     9     0     1     2     3     4     5     6     7     8     9     0     1
       2     3     4     5     6     7     8     9     0     1     2     3     4     5     6     7
       8     9     0     1     2     3     4     5     6     7     8     9     0     1     2     3
       4     5     6     7     8     9     0     1     2     3     4     5     6     7     8     9
       0     1     2     3     4     5     6     7     8     9     0     1     2     3     4     5
       6     7     8     9     0     1     2     3     4     5     6     7     8     9     0     1
       2     3     4     5     6     7     8     9     0     1     2     3     4     5     6     7
       8     9     0     1     2     3     4     5     6     7     8     9     0     1     2     3
       4     5     6     7     8     9     0     1     2     3     4     5     6     7     8     9
       0     1     2     3     4     5     6     7     8     9     0     1     2     3     4     5 ]]      
2. створення вектору розміром 16 - 0.000000с
[     0     1     2     3     4     5     6     7     8     9     0     1     2     3     4     5 ]        
3. перемноження квадратної матриці на вектор - 0.000000с
[   340   220   290   240   280   340   220   290   240   280   340   220   290   240   280   340 ]        
4. перемноження вектора на квадратну матрицю - 0.000000с
[   250   310   230   290   270   330   220   280   230   290   250   310   230   290   270   330 ]        

=== Замір швидкості для типу float ===

1. створення квадратної матриці розміром 16 на 16 - 0.000000с:
[[   0.0   1.0   2.0   3.0   4.0   5.0   6.0   7.0   8.0   9.0   0.0   1.0   2.0   3.0   4.0   5.0
     6.0   7.0   8.0   9.0   0.0   1.0   2.0   3.0   4.0   5.0   6.0   7.0   8.0   9.0   0.0   1.0
     2.0   3.0   4.0   5.0   6.0   7.0   8.0   9.0   0.0   1.0   2.0   3.0   4.0   5.0   6.0   7.0
     8.0   9.0   0.0   1.0   2.0   3.0   4.0   5.0   6.0   7.0   8.0   9.0   0.0   1.0   2.0   3.0
     4.0   5.0   6.0   7.0   8.0   9.0   0.0   1.0   2.0   3.0   4.0   5.0   6.0   7.0   8.0   9.0
     0.0   1.0   2.0   3.0   4.0   5.0   6.0   7.0   8.0   9.0   0.0   1.0   2.0   3.0   4.0   5.0
     6.0   7.0   8.0   9.0   0.0   1.0   2.0   3.0   4.0   5.0   6.0   7.0   8.0   9.0   0.0   1.0
     2.0   3.0   4.0   5.0   6.0   7.0   8.0   9.0   0.0   1.0   2.0   3.0   4.0   5.0   6.0   7.0
     8.0   9.0   0.0   1.0   2.0   3.0   4.0   5.0   6.0   7.0   8.0   9.0   0.0   1.0   2.0   3.0
     4.0   5.0   6.0   7.0   8.0   9.0   0.0   1.0   2.0   3.0   4.0   5.0   6.0   7.0   8.0   9.0
     0.0   1.0   2.0   3.0   4.0   5.0   6.0   7.0   8.0   9.0   0.0   1.0   2.0   3.0   4.0   5.0
     6.0   7.0   8.0   9.0   0.0   1.0   2.0   3.0   4.0   5.0   6.0   7.0   8.0   9.0   0.0   1.0
     2.0   3.0   4.0   5.0   6.0   7.0   8.0   9.0   0.0   1.0   2.0   3.0   4.0   5.0   6.0   7.0
     8.0   9.0   0.0   1.0   2.0   3.0   4.0   5.0   6.0   7.0   8.0   9.0   0.0   1.0   2.0   3.0
     4.0   5.0   6.0   7.0   8.0   9.0   0.0   1.0   2.0   3.0   4.0   5.0   6.0   7.0   8.0   9.0
     0.0   1.0   2.0   3.0   4.0   5.0   6.0   7.0   8.0   9.0   0.0   1.0   2.0   3.0   4.0   5.0 ]]      
2. створення вектору розміром 16 - 0.000000с
[   0.0   1.0   2.0   3.0   4.0   5.0   6.0   7.0   8.0   9.0   0.0   1.0   2.0   3.0   4.0   5.0 ]        
3. перемноження квадратної матриці на вектор - 0.000000с
[ 340.0 220.0 290.0 240.0 280.0 340.0 220.0 290.0 240.0 280.0 340.0 220.0 290.0 240.0 280.0 340.0 ]        
4. перемноження вектора на квадратну матрицю - 0.000000с
[ 250.0 310.0 230.0 290.0 270.0 330.0 220.0 280.0 230.0 290.0 250.0 310.0 230.0 290.0 270.0 330.0 ]        

=== Замір швидкості для типу double ===

1. створення квадратної матриці розміром 16 на 16 - 0.000000с:
[[   0.0   1.0   2.0   3.0   4.0   5.0   6.0   7.0   8.0   9.0   0.0   1.0   2.0   3.0   4.0   5.0
     6.0   7.0   8.0   9.0   0.0   1.0   2.0   3.0   4.0   5.0   6.0   7.0   8.0   9.0   0.0   1.0
     2.0   3.0   4.0   5.0   6.0   7.0   8.0   9.0   0.0   1.0   2.0   3.0   4.0   5.0   6.0   7.0
     8.0   9.0   0.0   1.0   2.0   3.0   4.0   5.0   6.0   7.0   8.0   9.0   0.0   1.0   2.0   3.0
     4.0   5.0   6.0   7.0   8.0   9.0   0.0   1.0   2.0   3.0   4.0   5.0   6.0   7.0   8.0   9.0
     0.0   1.0   2.0   3.0   4.0   5.0   6.0   7.0   8.0   9.0   0.0   1.0   2.0   3.0   4.0   5.0
     6.0   7.0   8.0   9.0   0.0   1.0   2.0   3.0   4.0   5.0   6.0   7.0   8.0   9.0   0.0   1.0
     2.0   3.0   4.0   5.0   6.0   7.0   8.0   9.0   0.0   1.0   2.0   3.0   4.0   5.0   6.0   7.0
     8.0   9.0   0.0   1.0   2.0   3.0   4.0   5.0   6.0   7.0   8.0   9.0   0.0   1.0   2.0   3.0
     4.0   5.0   6.0   7.0   8.0   9.0   0.0   1.0   2.0   3.0   4.0   5.0   6.0   7.0   8.0   9.0
     0.0   1.0   2.0   3.0   4.0   5.0   6.0   7.0   8.0   9.0   0.0   1.0   2.0   3.0   4.0   5.0
     6.0   7.0   8.0   9.0   0.0   1.0   2.0   3.0   4.0   5.0   6.0   7.0   8.0   9.0   0.0   1.0
     2.0   3.0   4.0   5.0   6.0   7.0   8.0   9.0   0.0   1.0   2.0   3.0   4.0   5.0   6.0   7.0
     8.0   9.0   0.0   1.0   2.0   3.0   4.0   5.0   6.0   7.0   8.0   9.0   0.0   1.0   2.0   3.0
     4.0   5.0   6.0   7.0   8.0   9.0   0.0   1.0   2.0   3.0   4.0   5.0   6.0   7.0   8.0   9.0
     0.0   1.0   2.0   3.0   4.0   5.0   6.0   7.0   8.0   9.0   0.0   1.0   2.0   3.0   4.0   5.0 ]]      
2. створення вектору розміром 16 - 0.000000с
[   0.0   1.0   2.0   3.0   4.0   5.0   6.0   7.0   8.0   9.0   0.0   1.0   2.0   3.0   4.0   5.0 ]        
3. перемноження квадратної матриці на вектор - 0.000000с
[ 340.0 220.0 290.0 240.0 280.0 340.0 220.0 290.0 240.0 280.0 340.0 220.0 290.0 240.0 280.0 340.0 ]        
4. перемноження вектора на квадратну матрицю - 0.000000с
[ 250.0 310.0 230.0 290.0 270.0 330.0 220.0 280.0 230.0 290.0 250.0 310.0 230.0 290.0 270.0 330.0 ]